ARRAY 0
47 47 39
47 47 39
47 47 39
47 47 39
47 47 39
ARRAY 1
261 249 14
261 248 14
262 248 15
254 248 13
256 246 12
ARRAY 2
246 276 14
246 276 15
247 275 15
240 272 14
242 275 14
ARRAY 3
252 303 13
251 303 14
251 304 14
253 301 15
261 300 15
ARRAY 4
234 221 14
234 220 15
234 222 14
233 221 15
231 214 17
ARRAY 5
221 247 14
221 248 15
219 250 15
226 251 16
227 250 13
ARRAY 6
221 286 14
216 290 15
215 290 16
215 295 17
215 297 14
ARRAY 7
229 202 16
229 200 17
226 196 20
229 198 18
229 196 20
ARRAY 8
267 219 16
266 217 16
267 217 16
267 216 17
270 223 14
ARRAY 9
183 267 16
181 266 18
182 268 18
183 266 19
185 264 19
ARRAY 10
283 284 17
282 284 18
282 285 18
286 283 17
286 283 18
ARRAY 11
273 330 23
278 334 29
292 335 28
291 333 28
293 330 28
ARRAY 12
230 323 18
230 323 19
229 322 21
232 320 22
222 320 20
ARRAY 13
196 227 18
196 227 19
196 224 20
196 226 21
194 229 18
ARRAY 14
178 253 19
177 253 20
177 251 21
178 249 23
176 247 21
ARRAY 15
195 299 19
187 296 17
182 297 17
183 294 19
186 291 19
ARRAY 16
253 188 19
252 187 20
255 187 21
257 185 21
255 192 23
ARRAY 17
293 221 19
293 221 21
294 223 20
296 224 20
300 232 20
ARRAY 18
219 190 20
221 188 21
217 162 34
216 157 34
207 157 34
ARRAY 19
282 186 22
281 185 22
282 177 24
286 173 23
285 171 25
ARRAY 20
198 197 22
199 196 24
195 195 24
194 192 25
192 194 22
ARRAY 21
300 296 24
299 294 26
302 296 26
308 294 25
308 295 26
ARRAY 22
175 227 24
173 226 26
173 225 27
172 214 25
170 211 23
ARRAY 23
296 258 24
290 254 24
297 254 22
301 254 21
299 256 21
ARRAY 24
239 176 25
239 172 27
241 170 28
242 168 29
249 157 30
ARRAY 25
308 212 27
308 210 28
310 211 28
313 211 28
315 220 26
ARRAY 26
152 261 27
148 260 25
150 259 27
152 258 28
153 255 28
ARRAY 27
156 279 27
152 280 25
153 278 27
157 278 29
159 274 28
ARRAY 28
200 328 25
201 334 28
235 274 70
235 267 70
235 261 71
ARRAY 29
229 341 25
232 341 27
232 340 31
232 340 33
231 336 32
ARRAY 30
249 341 25
252 344 27
251 341 28
253 343 30
255 341 30
ARRAY 31
181 194 28
180 191 30
177 194 31
168 188 30
170 183 29
ARRAY 32
169 304 28
164 306 24
165 307 25
170 302 26
172 298 26
ARRAY 33
175 313 28
172 324 26
173 324 27
178 321 29
177 319 33
ARRAY 34
213 177 30
211 175 31
205 172 30
204 165 30
221 180 26
ARRAY 35
214 342 27
217 341 29
263 326 22
265 329 21
267 329 21
ARRAY 36
265 168 31
272 149 40
275 147 40
275 150 41
272 147 43
ARRAY 37
302 181 30
302 177 32
312 181 28
312 180 28
305 178 29
ARRAY 38
317 241 30
317 238 31
316 243 30
325 245 26
324 245 27
ARRAY 39
195 339 30
196 313 19
194 315 19
195 313 21
195 309 21
ARRAY 40
158 213 32
156 212 33
154 210 33
154 211 33
155 207 33
ARRAY 41
305 324 30
308 323 32
314 322 33
312 321 33
312 321 33
ARRAY 42
147 239 32
146 238 32
152 236 32
145 234 32
149 232 31
ARRAY 43
316 283 32
322 282 32
325 282 32
329 282 32
329 283 33
ARRAY 44
226 343 32
230 343 34
218 333 60
217 335 61
216 334 60
ARRAY 45
250 349 31
253 353 32
253 352 32
282 343 54
281 342 54
ARRAY 46
230 356 32
233 355 33
237 353 34
237 352 34
239 348 33
ARRAY 47
330 269 33
330 269 32
335 269 33
339 268 33
338 268 34
ARRAY 48
232 162 36
237 154 38
241 153 39
241 151 40
240 145 42
ARRAY 49
330 197 35
327 195 36
327 197 35
328 197 35
324 196 35
ARRAY 50
134 285 35
137 285 35
141 284 36
145 284 37
145 280 37
ARRAY 51
148 315 36
152 313 35
156 311 36
158 308 37
160 303 37
ARRAY 52
163 328 36
170 325 36
172 325 37
173 325 38
245 303 16
ARRAY 53
304 338 35
308 337 38
310 336 37
308 332 38
308 333 38
ARRAY 54
206 347 38
208 348 39
203 342 38
203 340 39
203 335 37
ARRAY 55
192 174 38
192 172 39
185 166 37
191 160 39
187 161 38
ARRAY 56
165 196 37
162 195 40
155 195 42
152 194 40
239 229 15
ARRAY 57
131 265 37
135 266 37
142 241 36
164 232 28
164 228 26
ARRAY 58
280 162 39
274 162 30
274 156 30
268 156 32
271 155 32
ARRAY 59
323 180 37
324 179 38
323 179 38
323 179 38
317 180 39
ARRAY 60
340 249 37
338 251 37
342 245 34
346 245 34
341 245 35
ARRAY 61
188 339 37
188 341 38
187 330 58
183 330 58
281 342 46
ARRAY 62
261 341 37
268 345 40
269 342 39
267 341 40
268 342 40
ARRAY 63
220 354 38
221 359 39
223 359 40
223 353 40
240 330 21
ARRAY 64
255 358 38
262 362 40
261 358 40
259 355 39
257 352 39
ARRAY 65
318 308 38
322 304 36
331 306 35
329 306 36
328 309 39
ARRAY 66
247 160 41
256 158 33
259 156 32
255 158 51
259 150 36
ARRAY 67
344 282 40
344 280 41
347 280 41
348 279 42
347 280 42
ARRAY 68
240 355 41
241 363 41
244 360 41
245 356 41
265 338 39
ARRAY 69
146 232 47
149 231 52
155 233 54
154 236 58
220 221 70
ARRAY 70
342 227 41
338 224 40
342 222 38
344 221 38
293 214 19
ARRAY 71
180 339 42
156 288 58
159 287 57
158 287 57
156 287 56
ARRAY 72
337 187 45
340 184 44
340 188 44
339 189 44
306 202 27
ARRAY 73
341 294 44
339 295 44
342 295 45
342 295 45
342 294 46
ARRAY 74
301 341 45
309 340 48
307 338 46
307 336 48
305 336 47
ARRAY 75
222 163 44
220 153 44
219 154 48
214 157 52
212 154 53
ARRAY 76
175 170 45
172 170 47
179 172 46
181 172 47
180 170 47
ARRAY 77
161 183 47
159 181 49
163 183 48
165 185 47
161 186 45
ARRAY 78
346 203 46
351 199 46
347 207 45
346 207 46
296 160 47
ARRAY 79
225 349 45
249 345 56
248 350 47
250 348 47
245 348 43
ARRAY 80
305 160 46
302 160 46
300 164 46
259 275 14
260 274 15
ARRAY 81
132 282 48
139 282 48
144 283 49
145 284 49
145 281 49
ARRAY 82
160 328 47
166 325 46
170 325 47
171 326 47
171 322 46
ARRAY 83
160 209 49
151 205 51
157 204 52
158 205 51
158 204 51
ARRAY 84
147 311 48
154 308 48
158 308 50
158 308 51
157 305 49
ARRAY 85
194 351 47
200 346 48
197 337 55
196 337 55
195 336 54
ARRAY 86
211 166 49
208 155 49
201 156 40
226 152 46
224 149 48
ARRAY 87
354 242 48
355 246 49
357 248 48
359 252 49
356 250 50
ARRAY 88
136 263 49
139 263 49
141 264 44
140 266 40
140 261 40
ARRAY 89
254 162 49
252 160 49
287 193 21
290 193 20
284 190 22
ARRAY 90
316 333 49
319 332 51
221 244 72
226 247 71
210 243 72
ARRAY 91
351 271 51
349 270 52
353 256 39
353 254 39
347 253 40
ARRAY 92
334 299 52
338 304 53
338 302 53
275 250 14
278 249 14
ARRAY 93
228 343 53
230 346 50
232 348 50
232 347 51
228 345 46
ARRAY 94
194 169 54
193 167 54
196 170 54
196 166 55
230 160 29
ARRAY 95
189 337 55
253 342 57
252 342 56
252 345 56
252 343 55
ARRAY 96
180 180 56
179 179 56
182 176 55
145 262 50
144 260 50
ARRAY 97
153 311 57
158 305 55
220 249 72
211 246 17
208 244 14
ARRAY 98
270 322 20
276 317 21
283 321 19
283 319 20
ARRAY 99
300 263 28
308 265 26
312 265 25
309 267 25
ARRAY 100
289 152 38
293 150 37
292 154 39
289 152 40
ARRAY 101
280 349 38
279 343 34
280 341 35
281 340 34
ARRAY 102
146 222 43
139 219 43
142 221 43
144 218 43
ARRAY 103
142 238 44
135 237 45
137 238 41
139 236 36
ARRAY 104
325 315 42
330 314 42
330 312 43
335 306 53
ARRAY 105
346 228 44
355 229 43
355 230 44
265 207 18
ARRAY 106
356 272 50
353 276 50
351 277 50
361 272 49
ARRAY 107
352 267 52
359 276 50
354 281 55
320 314 60
ARRAY 108
353 229 54
351 226 54
355 234 55
356 233 54
ARRAY 109
327 314 58
322 233 32
334 230 30
328 231 30
ARRAY 110
346 264 60
343 272 60
345 217 57
348 214 56
ARRAY 111
163 233 61
163 242 63
162 243 64
162 242 62
ARRAY 112
157 264 61
164 265 62
161 267 62
163 267 62
ARRAY 113
186 185 32
180 171 31
191 174 26
ARRAY 114
307 166 32
307 167 31
298 167 33
ARRAY 115
167 181 39
163 180 38
165 178 39
ARRAY 116
314 172 47
313 172 47
306 172 47
ARRAY 117
188 177 56
219 186 23
213 186 25
ARRAY 118
176 194 62
198 217 22
197 208 21
ARRAY 119
162 220 63
151 230 52
144 233 51
ARRAY 120
214 281 16
213 276 13
ARRAY 121
218 338 31
221 335 30
ARRAY 122
178 329 59
180 326 56
ARRAY 123
256 176 25
